A solver for expotential idle sub games

15-puzzle solver example
  cargo run --  -t 15 -i 9 14 12 15 10 13 11 0

main part of the output:
  09 14 12 15
  10 13 11 __
  
  09 14 12 __
  10 13 11 15
  
  09 14 __ 12
  10 13 11 15
  
  09 14 11 12
  10 13 __ 15
  
  09 14 11 12
  10 __ 13 15
  
  09 14 11 12
  __ 10 13 15
  
  __ 14 11 12
  09 10 13 15
  
  14 __ 11 12
  09 10 13 15
  
  14 10 11 12
  09 __ 13 15
  
  14 10 11 12
  09 13 __ 15
  
  14 10 __ 12
  09 13 11 15
  
  14 __ 10 12
  09 13 11 15
  
  __ 14 10 12
  09 13 11 15
  
  09 14 10 12
  __ 13 11 15
  
  09 14 10 12
  13 __ 11 15
  
  09 __ 10 12
  13 14 11 15
  
  09 10 __ 12
  13 14 11 15
  
  09 10 11 12
  13 14 __ 15
  
  09 10 11 12
  13 14 15 __

